Blog	k	o	s	tistory	cpu	tv	d	led	h	co	cm	com	the	p	https	amp	t	a	x	gt	gb	i	m	it	in	id	www	ms	sns	e	u	b	km	kr	usb	f	lg	lt	ios	to	mm	no	r	html	on	of	os	v	http	c	pc	g	^^
	5	0	4	0	0	0	5	0	0	1	0	1	0	1	0	5	0	0	0	11	0	0	0	0	0	1	1	0	1	2	0	0	0	1	0	0	0	0	0	0	0	1	0	0	0	0	0	0	2	6	1	0	1
SCOOP	0	0	0	2	0	1	0	1	0	3	0	12	0	0	2	37	2	7	5	1	0	0	3	0	0	0	9	0	1	0	6	4	0	4	0	5	0	1	0	2	0	0	2	2	0	0	2	5	11	2	0	0	0
BaseBallGEN	10	0	7	0	0	2	0	0	2	0	4	24	35	6	0	6	1	14	2	17	0	0	130	0	1	0	0	0	3	0	0	3	2	0	0	0	1	6	0	1	0	1	14	0	0	3	0	0	1	1	0	0	2
ETHOBIS LAB	0	0	0	0	0	0	0	0	0	0	0	0	0	0	0	0	0	0	0	0	0	0	0	0	0	0	0	0	0	0	0	0	0	0	0	0	0	0	0	0	0	0	0	0	0	0	0	0	0	0	0	0	0
Dreamination!	0	0	0	0	0	0	2	2	0	0	0	2	0	0	0	7	1	1	4	6	0	1	0	0	1	0	1	0	0	0	0	0	0	0	0	0	0	6	2	0	0	0	0	2	1	0	0	0	2	0	0	0	1
pxd UX Lab.	0	0	2	0	0	0	1	0	0	5	0	18	0	0	5	2	0	0	0	0	0	2	0	0	2	0	3	0	0	1	2	0	0	8	0	1	0	0	1	4	0	0	0	2	0	0	0	0	23	2	0	1	0
Creative and Smart! LG CNS	0	2	1	0	0	8	2	0	0	2	0	28	0	0	13	7	1	7	1	28	0	0	3	33	3	1	12	1	2	3	1	0	1	2	0	0	25	28	0	3	0	0	35	4	2	6	0	2	28	2	5	1	0
slowalk	0	1	0	0	0	0	0	0	0	0	0	0	1	0	0	1	0	4	0	11	0	0	1	1	1	0	0	0	2	0	0	0	0	0	0	0	0	4	0	3	0	4	0	0	4	1	0	0	0	0	0	0	0
Zzang's Story	0	0	0	0	0	0	1	0	0	0	0	3	0	1	0	0	1	0	11	7	0	1	5	0	0	2	2	0	0	1	0	0	0	2	0	0	1	6	0	0	0	0	0	0	0	0	1	0	1	0	0	6	4
starlucky	1	1	3	0	0	0	2	0	3	6	0	1	4	0	0	0	1	8	0	4	0	1	2	2	1	0	0	0	0	1	1	0	1	0	0	0	0	1	0	2	0	1	0	0	1	1	0	0	0	1	1	0	0
kuzu	0	1	0	0	0	0	0	0	0	0	0	0	0	0	0	0	0	0	0	0	0	0	1	0	0	0	0	0	0	0	3	0	0	0	0	0	0	0	0	0	0	0	0	0	0	0	0	0	0	0	0	0	0
Lab912	0	0	0	0	0	0	0	0	0	0	0	0	0	0	0	1	0	0	0	11	0	0	0	0	0	0	0	0	0	0	0	0	0	2	0	0	0	11	0	0	0	0	0	0	0	0	0	0	3	0	0	0	0
Back to the Mac	0	0	4	0	0	0	0	0	0	0	0	1	1	0	1	5	0	1	8	2	0	0	0	1	2	0	0	0	0	1	0	0	0	1	0	0	0	0	13	2	1	0	0	0	1	1	6	0	0	0	0	0	0
wooraky's Mac Life	0	0	0	0	0	0	0	0	0	0	0	0	0	0	0	0	0	0	0	0	0	0	0	0	0	0	0	0	0	0	0	0	0	0	0	0	0	0	0	0	0	0	0	0	0	0	0	0	0	0	0	0	0
ISLAND	0	0	0	2	0	1	0	0	0	0	1	3	0	0	0	0	0	0	0	0	0	0	2	0	1	0	1	0	0	0	0	1	1	0	0	0	0	0	0	0	5	0	0	0	0	0	0	0	4	0	0	0	40
Total Fix!	0	2	0	4	0	1	0	0	0	0	0	0	0	0	0	0	0	1	10	0	0	0	0	0	0	0	0	2	0	0	0	1	0	9	0	0	0	0	3	0	0	1	3	1	0	0	2	0	0	1	3	0	0
Rank5	0	0	0	0	0	1	0	0	0	0	0	16	0	0	0	0	0	0	0	0	0	0	0	0	6	0	0	0	0	0	0	0	0	0	0	0	0	0	0	0	0	0	0	0	0	0	0	0	0	0	0	0	0
BOMSOFT.com	4	15	32	0	1	15	4	2	13	14	0	24	52	2	0	13	2	19	6	32	2	0	2	24	16	0	33	0	18	9	4	5	0	17	2	1	109	33	4	18	2	5	3	1	10	24	2	6	37	5	4	91	0
krazyeom's epilogue	3	0	20	0	8	29	11	1	1	2	1	4	13	1	0	7	7	7	9	16	8	2	0	3	10	4	2	0	1	0	1	3	0	0	6	0	2	2	34	9	5	3	2	1	3	6	11	0	5	1	0	4	1
Route49	0	0	9	0	0	2	0	0	2	0	0	0	0	0	0	0	1	0	3	0	0	6	4	0	0	0	0	0	0	5	0	1	8	0	0	53	0	0	0	0	0	0	3	0	0	0	0	0	0	2	0	0	0
KBi Story	0	0	0	2	0	0	2	0	0	0	0	45	0	0	0	0	0	7	0	1	0	0	1	0	0	0	43	0	0	8	0	0	0	0	0	0	0	1	0	0	0	0	1	0	0	0	0	0	45	0	7	0	0
